623649988677
623649583923
623649921209
623649849634
623649467464
623649075024
623649134050
623649498074
623649610981
623649171706
623649029907
623649629498
623649402119
623649845203
623649970270
623649237354
623649855021
623649402089
623649183921
623649601022
623649400649
623649466217
623649820504
623649340663
623649462039
623649570702
623649549703
623649822905
623649461931
623649957877
623649825065
623649420699
623649977837
623649513973
623649133148
623649530742
623649728075
623649889604
623649366390
623649414601
623649143991
623649650981
623649706820
623649818851
623649101736
623649513943
623649576755
623649849985
623649329362
623649172032
623649891435
623649658963
623649500532
623649059917
623649013212
623649101796
623649753045
623649029917
623649111778
623649063994
623649033232
623649216848
623649273028
623649108340
623649942580
623649394862
623649955668
623649647031
623649865693
623649153158
623649890330
623649457484
623649861309
623649264979
623649925688
623649886876
623649875071
623649284939
623649136584
623649700704
623649648210
623649325785
623649029927
623649468024
623649446992
623649296808
623649589753
623649217631
623649656726
623649820524
623649434671
623649738035
623649550722
623649573953
623649967817
623649851339
623649143500
623649528939
623649154090
623649379312
623649878831
623649860584
623649402199
623649875015
623649451931
623649977847
623649699498
623649201652
623649707893
623649937037
623649073262
623649776870
623649639468
623649902570
623649276898
623649143880
623649851495
623649043984
623649885091
623649474688
623649995850
623649951451
623649460503
623649367665
623649588968
623649252846
623649815081
623649579713
623649697091
623649124903
623649728155
623649181716
623649892974
623649210287
623649627011
623649572606
623649089947
623649778065
623649043212
623649533963
623649625398
623649306370
623649783006
623649558919
623649850390
623649619438
623649189356
623649619428
623649990270
623649142022
623649442019
623649998657
623649902510
623649183931
623649861389
623649618367
623649009947
623649043262
623649716793
623649659468
623649498144
623649880504
623649199336
623649651082
623649461981
623649583953
623649786890
623649738125
623649428074
623649429489
623649244979
623649815015
623649184086
623649947827
623649786820
623649136544
623649678963
623649113540
623649955820
623649519713
623649074292
623649679418
623649675484
623649466277
623649748065
623649553963
623649408246
623649905618
623649467998
623649079907
623649357685
623649707803
623649234955
623649669438
623649975668
623649476972
623649805673
623649095014
623649870504
623649942530
623649247651
623649477484
623649733086
623649129376
623649865035
623649122062
623649879224
623649895203
623649277374
623649937027
623649927897
623649616706
623649141790
623649972550
623649498004
623649641042
623649116504
623649796870
623649481901
623649536735
623649310613
623649891399
623649444691
623649216858
623649469409
623649716753
623649447988
623649865021
623649053242
623649947067
623649815673
623649146514
623649648963
623649113870
623649861495
623649402109
623649064292
623649121758
623649281632
623649095064
623649927087
623649143971
623649882954
623649582616
623649702635
623649247611
623649293068
623649869224
623649202836
623649981219
623649289349
623649945638
623649332673
623649618731
623649568989
623649736800
623649592218
623649104060
623649194953
623649852925
623649440659
623649171726
623649083282
623649636776
623649206878
623649179396
623649768015
623649422029
623649671082
623649977817
623649845055
623649889664
623649173941
623649409419
623649580288
623649174070
623649334229
623649407978
623649886523
623649053232
623649590722
623649835051
623649131728
623649133614
623649466237
623649670991
623649069967
623649149396
623649822974
623649925618
623649053202
623649728065
623649359312
623649252498
623649855273
623649840380
623649279309
623649762655
623649951441
623649550459
623649458074
623649866856
623649636796
623649161726
623649482009
623649825653
623649143921
623649411245
623649649468
623649967007
623649500248
623649952560
623649216878
623649586209
623649559713
623649469489
623649417978
623649882915
623649324239
623649103138
623649878811
623649832975
623649397635
623649491981
623649310633
623649460689
623649786850
623649272498
623649778015
623649689478
623649902500
623649246838
623649716890
623649690951
623649131776
623649691042
623649171768
623649324289
623649004272
623649836503
623649800370
623649675494
623649895011
623649975820
623649899214
623649154923
623649126524
623649569713
623649866866
623649259329
623649915628
623649101117
623649019987
623649315725
623649073202
623649907017
623649629408
623649226898
623649287324
623649159376
623649839694
623649831349
623649945800
623649474671
623649967837
623649392623
623649196524
623649538989
623649818811
623649746723
623649359332
623649907047
623649592278
623649627960
623649426962
623649907887
623649431941
623649726870
623649194070
623649441295
623649629418
623649500298
623649580479
623649543923
623649477958
623649174050
623649651092
623649659448
623649952550
623649621052
623649743045
623649688337
623649568958
623649659418
623649912510
623649246828
623649566678
623649669216
623649990537
623649154056
623649905608
623649141167
623649141137
623649940270
623649810370
623649816533
623649468044
623649870524
623649826563
623649700734
623649688210
623649569743
623649985850
623649196554
623649645318
623649305705
623649211037
623649484691
623649947037
623649865243
623649392653
623649596289
623649163510
623649822934
623649542208
623649598989
623649590712
623649872925
623649907897
623649123911
623649696756
623649471255
623649583983
623649708085
623649461951
623649600971
623649670971
623649079987
623649019907
623649144090
623649608993
623649479489
623649671092
623649364269
623649121718
623649645484
623649786763
623649305711
623649881369
623649326350
623649109316
623649631022
623649283028
623649838821
623649931259
623649134913
623649836513
623649219389
623649820350
623649204955
623649354295
623649885045
623649163540
623649421245
623649355755
623649866533
623649852974
623649494671
623649428094
623649302623
623649464631
623649892955
623649431971
623649389302
623649628731
623649399372
623649102022
623649131740
623649436297
623649815091
623649536249
623649426431
623649589703
623649878842
623649385781
623649409409
623649312653
623649713046
623649872985
623649680991
623649174923
623649093282
623649354289
623649276818
623649106874
623649569773
623649611092
623649144973
623649982570
623649011666
623649139657
623649181187
623649406267
623649596219
623649313882
623649875663
623649444651
623649648377
623649233008
623649514421
623649809264
623649003811
623649444601
623649697920
623649793026
623649809224
623649832955
623649411981
623649931299
623649470609
623649628721
623649050236
623649523993
623649239349
623649277832
623649607980
623649111780
623649756870
623649020206
623650383817
623650407561
623650518202
623650622971
623650561069
623650126800
623650279877
623650094206
623650126491
623650137445
623650318170
623650772230
623650478662
623650721958
623650734969
623650999378
623650985848
623650515915
623650979877
623650574971
623650741335
623650714303
623650814646
623650197199
623650286494
623650386254
623650153561
623650686454
623650824890
623650410102
623650425930
623650777113
623650914603
623650415955
623650756140
623650478062
623650985692
623650373951
623650315955
623650809582
623650791852
623650377013
623650614319
623650007561
623650324490
623650695643
623650233123
623650974671
623650098333
623650033524
623650218170
623650164904
623650839500
623650397047
623650218302
623650261308
623650786854
623650356440
623650225157
623650795474
623650200885
623650078986
623650622171
623650637093
623650264864
623650118995
623650125930
623650770721
623650261573
623650283209
623650826100
623650026291
623650294206
623650037245
623650141697
623650960262
623650716518
623650039931
623650036254
623650215015
623650686294
623650979305
623650928240
623650097847
623650785592
623650885312
623650014846
623650914303
623650488050
623650315567
623650370521
623650677250
623650113520
623650109196
623650551726
623650824414
623650379377
623650950680
623650891559
623650997047
623650351087
623650186254
623650316366
623650556740
623650025057
623650479477
623650375453
623650524190
623650973551
623650994606
623650963907
623650924990
623650863510
623650025630
623650007601
623650595274
623650573476
623650909982
623650709696
623650475053
623650591252
623650795879
623650351811
623650272932
623650664904
623650537093
623650263610
623650107861
623650618995
623650760486
623650260627
623650352529
623650895543
623650830022
623650483809
623650222783
623650265549
623650919474
623650363110
623650453661
623650503823
623650736694
623650597816
623650791442
623650774383
623650834969
623650815667
623650056936
623650973119
623650397299
623650516218
623650356836
623650624014
623650715715
623650275763
623650691742
623650298598
623650497999
623650679777
623650886854
623650651326
623650615915
623650177834
623650705793
623650616766
623650173476
623650447242
623650263107
623650973751
623650078127
623650677613
623650613620
623650572932
623650721363
623650209182
623650370509
623650884998
623650674265
623650107001
623650330222
623650295374
623650224890
623650939431
623650140707
623650453701
623650964504
623650507661
623650125030
623650064204
623650533523
623650198333
623650556736
623650237893
623650885448
623650937989
623650018602
623650861173
623650479405
623650083709
623650678386
623650361869
623650095779
623650577634
623650965297
623650033223
623650337689
623650739531
623650734269
623650915815
623650241449
623650216028
623650625932
623650579905
623650198898
623650299078
623650539191
623650486054
623650441349
623650656540
623650615115
623650186194
623650453601
623650424914
623650216418
623650698333
623650419274
623650485148
623650905893
623650677513
623650714103
623650573119
623650379977
623650309982
623650314003
623650161369
623650751411
623650024390
623650253401
623650441797
623650497916
623650600178
623650519174
623650298733
623650616718
623650264204
623650563410
623650610402
623650798433
623650026791
623650724114
623650375963
623650119679
623650874583
623650764822
623650063007
623650710702
623650278986
623650034169
623650094306
623650902218
623650037393
623650399578
623650715915
623650341049
623650209196
623650414346
623650815455
623650979577
623650477413
623650283509
623650200275
623650898198
623650094729
623650551211
623650765697
623650615015
623650041149
623650839391
623650179905
623650298633
623650705993
623650194806
623650716728
623650256941
623650978327
623650163410
623650070809
623650985448
623650877050
623650214546
623650179277
623650713639
623650241497
623650539131
623650614225
623650035926
623650772732
623650373719
623650122983
623650870921
623650852329
623650909582
623650374283
623650330522
623650816866
623650524590
623650702618
623650156636
623650773876
623650656740
623650779705
623650685392
623650563507
623650873376
623650751426
623650319774
623650691242
623650024314
623650903460
623650924414
623650191052
623650905089
623650195879
623650625032
623650251311
623650675158
623650870421
623650298798
623650398333
623650122465
623650433823
623650365197
623650864404
623650407461
623650497216
623650710795
623650318102
623650586872
623650060686
623650515015
623650399575
623650063210
623650478686
623650383821
623650277634
623650815967
623650500078
623650641297
623650339731
623650997416
623650986094
623650377250
623650114725
623650126891
623650934369
623650302118
623650477434
623650514646
623650651726
623650624314
623650515815
623650141149
623650725032
623650979805
623650898798
623650447642
623650456736
623650913939
623650239491
623650435226
623650551226
623650677713
623650614303
623650909782
623650313239
623650324814
623650675963
623650663807
623650852929
623650175058
623650298333
623650233360
623650979677
623650264804
623650678786
623650419674
623650663110
623650698733
623650403260
623650660127
623650895179
623650999778
623650814503
623650373051
623650883109
623650000775
623650578927
623650037289
623650318602
623650391452
623650734373
623650870909
623650675058
623650439391
623650185348
623650795679
623650786272
623650486972
623650256041
623650585148
623650005989
623650991242
623650735526
623650183321
623650772932
623650479077
623650622183
623650565349
623650984398
623650826191
623650140507
623650609896
623650503160
623650191042
623650916066
623650156240
623650678486
623650007001
623650375458
623650914346
623650675163
623650737493
623650770121
623650113539
623650233523
623650191142
623650841549
623650307601
623650991952
623650086094
623650660027
623650316418
623650760686
623650283709
623650698433
623650710995
623650164804
623650403623
623650177934
623650510802
623650416018
623650534969
623650086972
623650770321
623650273576
623650385748
623650016428
623650715115
623650333023
623650015167
623650209296
623650814025
623650791642
623650913480
623650991042
623650551611
623650057914
623650226791
623650262599
623650185648
623650615355
623650975958
623650098633
623650777734
623650899478
623650264522
623650779077
623650661973
623650214946
623650795674
623650507401
623650073176
623650977713
623650103660
623650005993
623650009582
623650422865
623650975058
623650291152
623650326131
623650151011
623650198233
623650070109
623650133823
623650275858
623650677934
623650437889
623650516828
623650956841
623650974883
623650879944
623650933223
623650710202
623650485748
623650457214
623650915115
623650572832
623650074883
623650156236
623650409768
623650879405
623650830922
623650877813
623650977534
623650614703
623650297499
623650673351
623650491956
623650353201
623650685492
623650485648
623650878886
623650615555
623650799078
623650579805
623650779177
623650294306
623650639691
623650686894
623650063507
623650463807
623650164304
623650607161
623650391242
623650260827
623650661173
623650314903
623650279805
623650873176
623650091052
623650770521
623650962216
623650786572
623650978827
623650534973
623650716228
623650865297
623650799278
623650013239
623650774983
623650114525
623650037589
623650618802
623650491156
623650986172
623650161069
623650625532
623650232267
623650285448
623650073919
623650009468
623650779005
623650363007
623650665149
623650153501
623650875057
623650977734
623650203460
623650913620
623650851511
623650036794
623650505193
623650410195
623650002218
623650324090
623650964437
623650894206
623650060327
623650799178
623650777934
623650864122
623650191542
623650063707
623650237589
623650933260
623650922965
623650056441
623650761669
623650170621
623650273776
623650526231
623650591442
623650475163
623650228641
623650991456
623650575763
623650157614
623650586172
623650393150
623650856036
623650898498
623650456036
623650337089
623650685448
623650718802
623650779105
623650473219
623650509868
623650784798
623650913880
623650933960
623650361469
623650309096
623650883221
623650360827
623650700478
623650351426
623650910495
623650824214
623650022383
623650751359
623651107720
623651253462
623651532395
623651812625
623651974192
623651883108
623651867203
623651744404
623651049718
623651091284
623651460923
623651399624
623651925133
623651419973
623651601482
623651748925
623651896881
623651674592
623651293032
623651889829
623651602767
623651642316
623651905304
623651995388
623651559402
623651395967
623651914700
623651265408
623651542116
623651373040
623651769040
623651490000
623651597118
623651658556
623651787664
623651709880
623651691884
623651736148
623651948625
623651237996
623651023023
623651897218
623651389429
623651731484
623651016324
623651672055
623651128912
623651505304
623651241748
623651098562
623651834121
623651381583
623651212525
623651267203
623651624229
623651396669
623651076010
623651174392
623651260823
623651291284
623651794627
623651693129
623651827185
623651263728
623651565708
623651897418
623651963328
623651034121
623651122563
623651896081
623651107120
623651707611
623651857056
623651653262
623651544204
623651074983
623651378998
623651533762
623651907020
623651456809
623651099024
623651484695
623651410420
623651553813
623651931484
623651736448
623651409580
623651441348
623651838986
623651536748
623651002667
623651419173
623651848425
623651575598
623651496081
623651915503
623651881683
623651726138
623651596469
623651316824
623651914600
623651996969
623651398062
623651514064
623651467803
623651729826
623651675798
623651797018
623651022063
623651307420
623651672655
623651429860
623651394127
623651474283
623651915803
623651734321
623651150321
623651727377
623651195967
623651322596
623651809637
623651273540
623651059202
623651575498
623651788960
623651153762
623651488726
623651197618
623651414900
623651031984
623651801882
623651374792
623651960423
623651964311
623651016424
623651438386
623651772755
623651228912
623651081883
623651805704
623651569740
623651367503
623651978598
623651549618
623651124129
623651661682
623651650259
623651675898
623651348825
623651316924
623651289129
623651919473
623651996081
623651196469
623651632195
623651628112
623651541348
623651812125
623651328012
623651067703
623651426202
623651367403
623651029760
623651774583
623651598662
623651925278
623651001682
623651750421
623651619010
623651574292
623651280717
623651165108
623651101782
623651736548
623651593029
623651715903
623651618412
623651446378
623651175498
623651497618
623651873540
623651721080
623651834521
623651309080
623651346078
623651065008
623651824029
623651972855
623651414100
623651658456
623651633562
623651628012
623651294127
623651706126
623651909080
623651141948
623651212725
623651468981
623651831484
623651904663
623651550421
623651163928
623651298713
623651068969
623651528612
623651441548
623651080417
623651626338
623651089029
623651325878
623651886285
623651331784
623651160323
623651916424
623651187464
623651942209
623651299224
623651873140
623651564911
623651843644
623651470785
623651136648
623651876310
623651548725
623651997218
623651665708
623651697318
623651107520
623651731584
623651101182
623651274492
623651716224
623651905504
623651839006
623651772955
623651228012
623651412325
623651493129
623651939917
623651041548
623651612825
623651669540
623651475598
623651042609
623651526202
623651799824
623651314864
623651250321
623651468181
623651910520
623651528012
623651325178
623651298613
623651589529
623651748425
623651059702
623651468269
623651902967
623651086685
623651301186
623651932622
623651321880
623651246778
623651384695
623651884995
623651363956
623651353262
623651276510
623651474683
623651957228
623651995888
623651249618
623651753513
623651032495
623651191884
623651737996
623651874292
623651318112
623651481383
623651124529
623651801082
623651075598
623651186285
623651436648
623651562140
623651472927
623651521780
623651209580
623651636748
623651142716
623651426738
623651914100
623651432922
623651449418
623651341048
623651648325
623651712825
623651646678
623651344404
623651797618
623651725478
623651036648
623651861782
623651232895
623651987364
623651584495
623651663128
623651598313
623651548225
623651315803
623651022796
623651867303
623651974283
623651683108
623651324532
623651845067
623651660423
623651975098
623651165508
623651174792
623651514700
623651972555
623651495967
623651963556
623651936248
623651472127
623651715203
623651705904
623651944904
623651375098
623651946378
623651765808
623651507520
623651901982
623651525278
623651476310
623651139506
623651331484
623651032395
623651432122
623651273640
623651633462
623651112925
623651267703
623651250221
623651080917
623651248325
623651501486
623651160644
623651093932
623651453613
623651789829
623651537896
623651721480
623651538986
623651291784
623651287964
623651781383
623651125733
623651763928
623651929360
623651353513
623651365572
623651734721
623651918012
623651842816
623651626738
623651896369
623651716024
623651160223
623651393329
623651732022
623651495167
623651314700
623651012525
623651621580
623651446478
623651576610
623651022563
623651891584
623651575698
623651810420
623651961582
623651479492
623651523623
623651848225
623651715403
623651698913
623651260323
623651627185
623651296569
623651573340
623651809180
623651927877
623651709337
623651726602
623651583008
623651065208
623651865672
623651022196
623651807311
623651301586
623651336148
623651125478
623651546978
623651972127
623651776310
623651342216
623651126738
623651414700
623651883408
623651145567
623651949518
623651170185
623651491484
623651125133
623651262440
623651417198
623651465008
623651936948
623651857928
623651048625
623651388226
623651710020
623651442016
623651697418
623651515203
623651934721
623651846778
623651938182
623651096569
623651829526
623651707820
623651646978
623651973740
623651044004
623651196869
623651169040
623651173940
623651263828
623651822196
623651178398
623651284295
623651998813
623651241848
623651116624
623651001286
623651374683
623651567303
623651753613
623651094727
623651793532
623651037996
623651212925
623651064411
623651948225
623651619273
623651738786
623651368781
623651734921
623651131184
623651216424
623651572127
623651976310
623651188526
623651538182
623651126138
623651949718
623651863456
623651214400
623651606426
623651604563
623651875598
623651710120
623651148025
623651379992
623651593229
623651369440
623651197418
623651259602
623651187864
623651207511
623651331184
623651042209
623651201286
623651326602
623651574483
623651191984
623651472255
623651250521
623651581983
623651294527
623651824932
623651844904
623651059402
623651772055
623651075190
623651922396
623651853313
623651388560
623651831084
623651664220
623651469040
623651067503
623651621480
623651394027
623651395367
623651933062
623651304363
623651873440
623651829726
623651622663
623651007520
623651565608
623651596669
623651887164
623651969940
623651531584
623651737596
623651363828
623651629960
623651063928
623651299624
623651281083
623651673140
623651943344
623651194827
623651136448
623651331684
623651415603
623651007111
623651244604
623651801386
623651212025
623651860023
623651360144
623651480617
623651576910
623651559802
623651583708
623651509937
623651987864
623651991584
623651580106
623651114700
623651812525
623651897674
623651806826
623651744804
623651050021
623651819210
623651610320
623651761082
623651823723
623651656009
623651159902
623651287764
623651763156
623651116724
623651329926
623651284595
623651257228
623651848825
623651981192
623651074092
623651788660
623651695767
623651893229
623652080441
623652906198
623652687731
623652751775
623652405015
623652218630
623652386914
623652169405
623652541012
623652293129
623652104313
623652778204
623652389296
623652627988
623652495338
623652091867
623652565936
623652667393
623652387096
623652322979
623652325379
623652592672
623652075214
623652100994
623652132113
623652396727
623652483399
623652579766
623652017538
623652986186
623652288079
623652492038
623652696344
623652524415
623652181141
623652624088
623652927769
623652891072
623652485434
623652244218
623652665793
623652902737
623652694644
623652058423
623652433917
623652214159
623652646090
623652955348
623652012430
623652952533
623652213438
623652605823
623652981123
623652838494
623652291329
623652364622
623652142401
623652384814
623652098967
623652355902
623652134450
623652218306
623652513796
623652972820
623652890372
623652629488
623652109913
623652097267
623652878358
623652751998
623652679600
623652883010
623652326779
623652170776
623652756640
623652148461
623652527815
623652666774
623652757798
623652294045
623652543712
623652220194
623652559805
623652637723
623652523255
623652928969
623652139522
623652667174
623652893772
623652362122
623652296329
623652933386
623652432779
623652241880
623652379886
623652985965
623652337934
623652667593
623652002995
623652395483
623652872758
623652339734
623652075014
623652956090
623652591172
623652976020
623652829644
623652140501
623652921669
623652891872
623652952048
623652885610
623652055023
623652566936
623652485799
623652689731
623652101213
623652836894
623652013230
623652873158
623652658742
623652297129
623652247118
623652141901
623652439479
623652698761
623652747462
623652987686
623652650786
623652396327
623652929769
623652130222
623652291445
623652698844
623652667674
623652212259
623652663693
623652900737
623652377268
623652893111
623652658231
623652523515
623652972220
623652487034
623652006795
623652881510
623652642990
623652955733
623652015638
623652391718
623652677700
623652609723
623652439079
623652094067
623652323879
623652975120
623652245880
623652572666
623652141501
623652390427
623652104934
623652390827
623652900998
623652215606
623652100013
623652687531
623652119325
623652875879
623652390383
623652486199
623652889010
623652684031
623652874758
623652333034
623652670600
623652954390
623652847748
623652695344
623652412893
623652572766
623652907337
623652820644
623652754440
623652130913
623652986786
623652649990
623652013338
623652695461
623652924069
623652400515
623652888020
623652388314
623652185141
623652838194
623652241118
623652407715
623652145461
623652986086
623652684931
623652329879
623652147301
623652354802
623652982186
623652678900
623652499509
623652901398
623652073714
623652392327
623652145593
623652936702
623652579066
623652872558
623652757498
623652281079
623652486499
623652987186
623652959990
623652621988
623652742662
623652688531
623652848948
623652094958
623652553705
623652148161
623652488899
623652667193
623652907437
623652663393
623652394127
623652058641
623652214849
623652529615
623652576205
623652486634
623652655042
623652773275
623652216406
623652383114
623652658442
623652404415
623652017638
623652863650
623652641390
623652217059
623652212449
623652875758
623652373568
623652899572
623652776304
623652143461
623652938679
623652147401
623652681931
623652386296
623652435779
623652092767
623652921469
623652730412
623652393618
623652893572
623652371886
623652594682
623652653686
623652056623
623652108934
623652609518
623652920769
623652175676
623652482999
623652108613
623652010130
623652877879
623652551738
623652849748
623652493438
623652665174
623652904237
623652030497
623652521615
623652573505
623652212849
623652750626
623652657042
623652632070
623652329179
623652952933
623652481199
623652884210
623652754675
623652395618
623652499309
623652249380
623652774504
623652216630
623652384096
623652075814
623652971220
623652938779
623652290129
623652883020
623652180641
623652144201
623652095358
623652438279
623652747262
623652655686
623652624788
623652395883
623652962614
623652604918
623652867363
623652757026
623652148793
623652102294
623652414393
623652892811
623652847548
623652575905
623652656542
623652632123
623652547712
623652487234
623652216049
623652491038
623652775404
623652145501
623652298429
623652382596
623652404015
623652902637
623652741162
623652436479
623652379268
623652936202
623652388596
623652973820
623652518996
623652770804
623652606923
623652370368
623652107434
623652888320
623652888520
623652114825
623652843648
623652577905
623652966546
623652096858
623652419993
623652951233
623652938953
623652403115
623652596772
623652899672
623652759098
623652882383
623652297029
623652699455
623652958148
623652896011
623652129486
623652481399
623652068862
623652520515
623652337696
623652146301
623652579605
623652848548
623652548912
623652360760
623652638470
623652559505
623652296629
623652576679
623652595063
623652602423
623652666874
623652933402
623652141233
623652148601
623652594924
623652660974
623652018838
623652684631
623652363631
623652405915
623652541712
623652376568
623652723565
623652389496
623652489334
623652471845
623652552022
623652909753
623652981286
623652958690
623652891672
623652864263
623652934102
623652630423
623652108534
623652289579
623652434617
623652590363
623652215638
623652361760
623652100934
623652882910
623652094367
623652685731
623652637070
623652753026
623652642090
623652575266
623652550205
623652476545
623652939910
623652552222
623652104534
623652606718
623652286179
623652960814
623652407915
623652298029
623652775104
623652707785
623652007387
623652143201
623652476464
623652381496
623652842431
623652472664
623652489526
623652925669
623652513746
623652059876
623652134989
623652876979
623652789149
623652965846
623652145401
623652364004
623652320579
623652608818
623652145533
623652883920
623652183441
623652135317
623652601318
623652745162
623652451145
623652489126
623652558622
623652961414
623652453745
623652222269
623652295645
623652422162
623652219330
623652841360
623652872080
623652796339
623652472964
623652908553
623652485926
623652056576
623652860791
623652339854
623652876880
623652688161
623652789249
623652048448
623652131989
623652388896
623652045348
623652835102
623652767377
623652151578
623652394914
623652320779
623652513296
623652885620
623652148633
623652753126
623652651210
623652604018
623652960914
623652558722
623652862163
623652287779
623652593572
623652930010
623652889220
623652003387
623652102034
623652243818
623652660993
623652700685
623652282979
623652885720
623652419180
623652476064
623652519246
623652295529
623652123686
623652051076
623652615759
623652779904
623652709785
623652773958
623652489626
623652835302
623652058176
623652598024
623652146001
623652691555
623652844231
623652883320
623652152478
623652086554
623652557155
623652931453
623652594172
623652756498